\begin{tabular}{lrrrrrrrrr}
\toprule
{} &  Pregnancies &   Glucose &  BloodPressure &  SkinThickness &   Insulin &       BMI &  DiabetesPedigree &       Age &   Outcome \\
\midrule
Pregnancies      &     1.000000 &  0.129594 &       0.142453 &      -0.087047 & -0.070822 &  0.021739 &         -0.031085 &  0.547124 &  0.229235 \\
Glucose          &     0.129594 &  1.000000 &       0.145972 &       0.056647 &  0.333005 &  0.214316 &          0.140364 &  0.259797 &  0.460310 \\
BloodPressure    &     0.142453 &  0.145972 &       1.000000 &       0.205494 &  0.086750 &  0.278569 &          0.042922 &  0.237693 &  0.060860 \\
SkinThickness    &    -0.087047 &  0.056647 &       0.205494 &       1.000000 &  0.436093 &  0.394615 &          0.189191 & -0.115862 &  0.082205 \\
Insulin          &    -0.070822 &  0.333005 &       0.086750 &       0.436093 &  1.000000 &  0.195726 &          0.191289 & -0.040152 &  0.130928 \\
BMI              &     0.021739 &  0.214316 &       0.278569 &       0.394615 &  0.195726 &  1.000000 &          0.143798 &  0.032972 &  0.289832 \\
DiabetesPedigree &    -0.031085 &  0.140364 &       0.042922 &       0.189191 &  0.191289 &  0.143798 &          1.000000 &  0.041807 &  0.170688 \\
Age              &     0.547124 &  0.259797 &       0.237693 &      -0.115862 & -0.040152 &  0.032972 &          0.041807 &  1.000000 &  0.232892 \\
Outcome          &     0.229235 &  0.460310 &       0.060860 &       0.082205 &  0.130928 &  0.289832 &          0.170688 &  0.232892 &  1.000000 \\
\bottomrule
\end{tabular}
